2023-11-06-assignment/DATA/monthly_temperature_sample.txt
ncols         886
nrows         691
xllcorner     111.975
yllcorner     -44.525
cellsize      0.05
NODATA_value  -9999
[rows 640 to 671 of 691, columns 144 to 215 of 886]
10.665 10.658 10.661 10.664 10.667 10.67 10.663 10.666 10.669 10.672 10.665 10.668 10.67 10.673 10.676 10.668 10.671 10.674 10.676 10.669 10.671 10.674 10.676 10.668 10.671 10.673 10.675 10.668 10.67 10.672 10.674 10.676 10.668 10.67 10.672 10.674 10.666 10.668 10.67 10.672 10.673 10.665 10.667 10.668 10.67 10.662 10.663 10.665 10.666 10.667 10.659 10.66 10.662 10.663 10.664 10.655 10.656 10.657 10.659 10.66 10.661 10.652 10.652 10.653 10.654 10.655 10.646 10.646 10.647 10.648 10.648 10.649
10.601 10.604 10.607 10.61 10.613 10.606 10.609 10.612 10.615 10.618 10.611 10.613 10.616 10.619 10.621 10.614 10.617 10.619 10.622 10.614 10.617 10.619 10.622 10.624 10.616 10.618 10.621 10.623 10.615 10.617 10.619 10.621 10.623 10.615 10.617 10.619 10.621 10.623 10.615 10.617 10.618 10.62 10.612 10.613 10.615 10.617 10.618 10.61 10.611 10.613 10.614 10.615 10.617 10.608 10.609 10.61 10.611 10.612 10.604 10.605 10.606 10.606 10.607 10.608 10.599 10.6 10.601 10.601 10.602 10.603 10.593 10.594
10.547 10.55 10.553 10.556 10.559 10.552 10.555 10.558 10.561 10.564 10.556 10.559 10.562 10.564 10.567 10.56 10.562 10.565 10.567 10.57 10.562 10.565 10.567 10.569 10.572 10.564 10.566 10.568 10.571 10.563 10.565 10.567 10.569 10.571 10.563 10.565 10.567 10.568 10.57 10.562 10.564 10.565 10.567 10.569 10.56 10.562 10.563 10.565 10.566 10.568 10.559 10.56 10.562 10.563 10.564 10.555 10.556 10.558 10.559 10.56 10.561 10.552 10.552 10.553 10.554 10.555 10.556 10.557 10.547 10.548 10.548 10.549
10.493 10.496 10.499 10.502 10.505 10.498 10.501 10.504 10.507 10.509 10.502 10.505 10.508 10.51 10.513 10.516 10.508 10.511 10.513 10.516 10.518 10.51 10.513 10.515 10.517 10.52 10.512 10.514 10.516 10.518 10.52 10.512 10.514 10.516 10.518 10.52 10.512 10.514 10.516 10.517 10.519 10.511 10.512 10.514 10.516 10.517 10.519 10.51 10.512 10.513 10.514 10.516 10.517 10.508 10.509 10.511 10.512 10.513 10.514 10.505 10.506 10.507 10.508 10.509 10.509 10.5 10.501 10.502 10.502 10.503 10.504 10.504
10.44 10.443 10.446 10.448 10.451 10.444 10.447 10.45 10.453 10.456 10.458 10.451 10.454 10.456 10.459 10.461 10.464 10.456 10.459 10.461 10.464 10.466 10.458 10.461 10.463 10.465 10.467 10.46 10.462 10.464 10.466 10.468 10.47 10.462 10.464 10.466 10.468 10.469 10.461 10.463 10.465 10.466 10.468 10.47 10.461 10.463 10.464 10.466 10.467 10.468 10.46 10.461 10.462 10.464 10.465 10.466 10.457 10.458 10.459 10.46 10.461 10.462 10.463 10.454 10.455 10.456 10.456 10.457 10.458 10.458 10.449 10.45
10.386 10.389 10.392 10.395 10.398 10.401 10.393 10.396 10.399 10.402 10.404 10.407 10.4 10.402 10.405 10.407 10.41 10.412 10.405 10.407 10.41 10.412 10.414 10.407 10.409 10.411 10.413 10.415 10.418 10.41 10.412 10.414 10.416 10.418 10.42 10.411 10.413 10.415 10.417 10.419 10.42 10.412 10.414 10.415 10.417 10.418 10.42 10.411 10.413 10.414 10.415 10.417 10.418 10.419 10.41 10.411 10.413 10.414 10.415 10.416 10.407 10.408 10.409 10.409 10.41 10.411 10.412 10.413 10.403 10.404 10.405 10.405
10.342 10.335 10.338 10.341 10.344 10.347 10.35 10.343 10.345 10.348 10.351 10.353 10.356 10.349 10.351 10.354 10.356 10.359 10.361 10.353 10.356 10.358 10.36 10.363 10.365 10.357 10.359 10.361 10.364 10.366 10.368 10.36 10.362 10.363 10.365 10.367 10.369 10.371 10.363 10.364 10.366 10.368 10.369 10.371 10.362 10.364 10.365 10.367 10.368 10.37 10.371 10.362 10.364 10.365 10.366 10.367 10.368 10.369 10.36 10.361 10.362 10.363 10.364 10.365 10.366 10.367 10.357 10.358 10.359 10.359 10.36 10.361
10.289 10.292 10.285 10.288 10.291 10.293 10.296 10.299 10.292 10.294 10.297 10.3 10.302 10.305 10.307 10.3 10.302 10.305 10.307 10.31 10.312 10.304 10.307 10.309 10.311 10.313 10.315 10.317 10.31 10.312 10.314 10.316 10.318 10.319 10.311 10.313 10.315 10.317 10.319 10.32 10.322 10.314 10.315 10.317 10.318 10.32 10.321 10.323 10.314 10.315 10.317 10.318 10.319 10.321 10.322 10.313 10.314 10.315 10.316 10.317 10.318 10.319 10.32 10.311 10.312 10.312 10.313 10.314 10.315 10.315 10.316 10.316
10.236 10.239 10.242 10.234 10.237 10.24 10.243 10.246 10.248 10.251 10.244 10.246 10.249 10.251 10.254 10.256 10.259 10.251 10.254 10.256 10.258 10.261 10.263 10.265 10.257 10.259 10.262 10.264 10.266 10.268 10.27 10.262 10.264 10.266 10.267 10.269 10.271 10.273 10.265 10.266 10.268 10.27 10.271 10.273 10.274 10.266 10.267 10.269 10.27 10.271 10.273 10.274 10.265 10.266 10.268 10.269 10.27 10.271 10.272 10.273 10.274 10.265 10.266 10.267 10.267 10.268 10.269 10.27 10.27 10.271 10.262 10.262
10.183 10.186 10.188 10.191 10.194 10.187 10.19 10.192 10.195 10.198 10.2 10.203 10.195 10.198 10.2 10.203 10.205 10.208 10.21 10.212 10.205 10.207 10.209 10.211 10.214 10.216 10.218 10.21 10.212 10.214 10.216 10.218 10.22 10.222 10.214 10.215 10.217 10.219 10.221 10.222 10.224 10.226 10.217 10.219 10.22 10.222 10.223 10.225 10.226 10.217 10.219 10.22 10.221 10.222 10.224 10.225 10.226 10.227 10.218 10.219 10.22 10.221 10.222 10.223 10.223 10.224 10.225 10.216 10.216 10.217 10.218 10.218
10.13 10.132 10.135 10.138 10.141 10.144 10.146 10.139 10.142 10.144 10.147 10.15 10.152 10.155 10.157 10.149 10.152 10.154 10.157 10.159 10.161 10.164 10.166 10.158 10.16 10.162 10.164 10.166 10.168 10.17 10.172 10.164 10.166 10.168 10.17 10.172 10.174 10.175 10.167 10.169 10.17 10.172 10.174 10.175 10.177 10.178 10.169 10.171 10.172 10.174 10.175 10.176 10.177 10.179 10.18 10.171 10.172 10.173 10.174 10.175 10.176 10.177 10.178 10.179 10.18 10.17 10.171 10.172 10.173 10.173 10.174 10.174
10.087 10.089 10.082 10.085 10.088 10.091 10.093 10.096 10.099 10.101 10.094 10.096 10.099 10.101 10.104 10.106 10.109 10.111 10.113 10.106 10.108 10.11 10.112 10.115 10.117 10.119 10.121 10.113 10.115 10.117 10.119 10.121 10.123 10.125 10.126 10.118 10.12 10.122 10.123 10.125 10.127 10.128 10.13 10.121 10.123 10.124 10.126 10.127 10.129 10.13 10.131 10.132 10.124 10.125 10.126 10.127 10.128 10.129 10.13 10.131 10.132 10.133 10.124 10.125 10.126 10.127 10.127 10.128 10.129 10.129 10.13 10.131
10.034 10.037 10.039 10.042 10.045 10.038 10.04 10.043 10.046 10.048 10.051 10.053 10.056 10.058 10.051 10.053 10.056 10.058 10.06 10.062 10.065 10.067 10.069 10.061 10.063 10.066 10.068 10.07 10.072 10.074 10.076 10.067 10.069 10.071 10.073 10.075 10.077 10.078 10.08 10.082 10.073 10.075 10.076 10.078 10.079 10.081 10.082 10.084 10.085 10.076 10.078 10.079 10.08 10.081 10.082 10.084 10.085 10.086 10.087 10.078 10.079 10.08 10.08 10.081 10.082 10.083 10.084 10.084 10.085 10.086 10.086 10.077
9.981 9.984 9.987 9.989 9.992 9.995 9.998 10 10.003 9.995 9.998 10 10.003 10.005 10.008 10.01 10.012 10.015 10.007 10.009 10.012 10.014 10.016 10.018 10.02 10.022 10.024 10.016 10.018 10.02 10.022 10.024 10.026 10.028 10.03 10.031 10.033 10.025 10.027 10.028 10.03 10.031 10.033 10.034 10.036 10.037 10.029 10.03 10.032 10.033 10.034 10.035 10.037 10.038 10.039 10.04 10.041 10.032 10.033 10.034 10.035 10.036 10.037 10.038 10.039 10.039 10.04 10.041 10.032 10.032 10.033 10.034
9.939 9.941 9.944 9.937 9.939 9.942 9.945 9.947 9.95 9.953 9.955 9.958 9.96 9.962 9.955 9.957 9.96 9.962 9.964 9.966 9.969 9.971 9.973 9.965 9.967 9.969 9.971 9.973 9.975 9.977 9.979 9.981 9.983 9.975 9.977 9.978 9.98 9.982 9.983 9.985 9.987 9.988 9.99 9.981 9.983 9.984 9.985 9.987 9.988 9.99 9.991 9.992 9.993 9.994 9.986 9.987 9.988 9.989 9.99 9.991 9.992 9.993 9.994 9.994 9.995 9.996 9.987 9.988 9.988 9.989 9.99 9.99
9.886 9.889 9.892 9.894 9.897 9.9 9.902 9.905 9.897 9.9 9.902 9.905 9.907 9.91 9.912 9.914 9.917 9.919 9.921 9.914 9.916 9.918 9.92 9.922 9.924 9.926 9.928 9.93 9.932 9.924 9.926 9.928 9.93 9.932 9.933 9.935 9.937 9.939 9.94 9.942 9.933 9.935 9.937 9.938 9.939 9.941 9.942 9.944 9.945 9.946 9.948 9.939 9.94 9.941 9.942 9.943 9.945 9.946 9.947 9.948 9.949 9.949 9.95 9.941 9.942 9.943 9.944 9.944 9.945 9.946 9.946 9.947
9.844 9.846 9.849 9.842 9.844 9.847 9.85 9.852 9.855 9.857 9.86 9.862 9.865 9.867 9.859 9.862 9.864 9.866 9.869 9.871 9.873 9.875 9.877 9.879 9.881 9.873 9.875 9.877 9.879 9.881 9.883 9.885 9.887 9.889 9.89 9.892 9.884 9.886 9.887 9.889 9.89 9.892 9.893 9.895 9.896 9.898 9.899 9.901 9.892 9.893 9.894 9.896 9.897 9.898 9.899 9.9 9.901 9.902 9.903 9.904 9.895 9.896 9.897 9.898 9.899 9.9 9.9 9.901 9.902 9.902 9.903 9.904
9.791 9.794 9.797 9.799 9.802 9.805 9.807 9.81 9.812 9.805 9.807 9.81 9.812 9.814 9.817 9.819 9.821 9.824 9.826 9.828 9.83 9.822 9.825 9.827 9.829 9.831 9.833 9.835 9.837 9.839 9.84 9.842 9.834 9.836 9.838 9.839 9.841 9.843 9.844 9.846 9.847 9.849 9.851 9.852 9.843 9.845 9.846 9.848 9.849 9.85 9.851 9.853 9.854 9.855 9.856 9.857 9.858 9.859 9.85 9.851 9.852 9.853 9.854 9.855 9.856 9.857 9.857 9.858 9.859 9.859 9.86 9.861
9.749 9.752 9.755 9.747 9.75 9.752 9.755 9.757 9.76 9.762 9.765 9.767 9.77 9.772 9.774 9.777 9.769 9.771 9.773 9.776 9.778 9.78 9.782 9.784 9.786 9.788 9.79 9.792 9.784 9.786 9.788 9.79 9.791 9.793 9.795 9.797 9.798 9.8 9.802 9.803 9.805 9.796 9.798 9.799 9.801 9.802 9.803 9.805 9.806 9.807 9.809 9.81 9.811 9.812 9.813 9.804 9.805 9.807 9.808 9.809 9.809 9.81 9.811 9.812 9.813 9.814 9.814 9.815 9.816 9.817 9.817 9.808
9.697 9.7 9.702 9.705 9.708 9.71 9.713 9.715 9.718 9.72 9.723 9.715 9.717 9.72 9.722 9.724 9.727 9.729 9.731 9.733 9.735 9.737 9.74 9.742 9.734 9.736 9.738 9.74 9.741 9.743 9.745 9.747 9.749 9.751 9.752 9.754 9.756 9.747 9.749 9.75 9.752 9.754 9.755 9.756 9.758 9.759 9.761 9.762 9.763 9.765 9.766 9.767 9.758 9.759 9.761 9.762 9.763 9.764 9.765 9.766 9.767 9.768 9.768 9.769 9.77 9.771 9.772 9.772 9.763 9.764 9.764 9.765
9.655 9.658 9.66 9.663 9.666 9.658 9.661 9.663 9.666 9.668 9.67 9.673 9.675 9.678 9.68 9.682 9.684 9.687 9.689 9.691 9.683 9.685 9.687 9.689 9.691 9.693 9.695 9.697 9.699 9.701 9.703 9.705 9.706 9.708 9.7 9.701 9.703 9.705 9.706 9.708 9.709 9.711 9.712 9.714 9.715 9.717 9.718 9.719 9.711 9.712 9.713 9.714 9.716 9.717 9.718 9.719 9.72 9.721 9.722 9.723 9.724 9.725 9.726 9.727 9.727 9.718 9.719 9.72 9.72 9.721 9.722 9.722
9.603 9.606 9.609 9.611 9.614 9.616 9.619 9.621 9.624 9.626 9.628 9.631 9.633 9.635 9.638 9.63 9.632 9.634 9.637 9.639 9.641 9.643 9.645 9.647 9.649 9.651 9.653 9.655 9.657 9.659 9.65 9.652 9.654 9.656 9.657 9.659 9.661 9.662 9.664 9.665 9.667 9.668 9.67 9.671 9.673 9.664 9.666 9.667 9.668 9.669 9.671 9.672 9.673 9.674 9.675 9.676 9.677 9.679 9.68 9.68 9.681 9.682 9.673 9.674 9.675 9.676 9.676 9.677 9.678 9.679 9.679 9.68
9.562 9.564 9.567 9.569 9.572 9.574 9.577 9.579 9.582 9.584 9.576 9.579 9.581 9.583 9.586 9.588 9.59 9.592 9.594 9.597 9.599 9.601 9.603 9.605 9.607 9.609 9.601 9.603 9.604 9.606 9.608 9.61 9.612 9.613 9.615 9.617 9.618 9.62 9.622 9.623 9.625 9.626 9.618 9.619 9.62 9.622 9.623 9.624 9.626 9.627 9.628 9.629 9.631 9.632 9.633 9.634 9.635 9.636 9.637 9.638 9.629 9.63 9.631 9.632 9.632 9.633 9.634 9.635 9.635 9.636 9.637 9.637
9.52 9.522 9.525 9.528 9.52 9.523 9.525 9.527 9.53 9.532 9.535 9.537 9.539 9.542 9.544 9.546 9.548 9.55 9.552 9.555 9.557 9.549 9.551 9.553 9.555 9.557 9.559 9.56 9.562 9.564 9.566 9.568 9.569 9.571 9.573 9.575 9.576 9.578 9.569 9.571 9.572 9.574 9.575 9.577 9.578 9.58 9.581 9.582 9.583 9.585 9.586 9.587 9.588 9.589 9.591 9.592 9.593 9.584 9.585 9.586 9.587 9.588 9.588 9.589 9.59 9.591 9.592 9.592 9.593 9.594 9.594 9.595
9.468 9.471 9.473 9.476 9.478 9.481 9.483 9.486 9.488 9.491 9.493 9.495 9.497 9.5 9.502 9.504 9.496 9.498 9.501 9.503 9.505 9.507 9.509 9.511 9.513 9.515 9.517 9.518 9.52 9.522 9.524 9.526 9.527 9.529 9.521 9.522 9.524 9.526 9.527 9.529 9.53 9.532 9.533 9.535 9.536 9.537 9.539 9.54 9.541 9.543 9.544 9.545 9.546 9.537 9.538 9.539 9.541 9.542 9.543 9.543 9.544 9.545 9.546 9.547 9.548 9.549 9.549 9.55 9.551 9.552 9.552 9.553
9.427 9.429 9.432 9.434 9.437 9.439 9.442 9.444 9.447 9.449 9.451 9.444 9.446 9.448 9.45 9.452 9.455 9.457 9.459 9.461 9.463 9.465 9.467 9.469 9.471 9.473 9.475 9.477 9.478 9.48 9.472 9.474 9.475 9.477 9.479 9.48 9.482 9.484 9.485 9.487 9.488 9.49 9.491 9.493 9.494 9.495 9.497 9.498 9.499 9.5 9.492 9.493 9.494 9.495 9.496 9.497 9.498 9.499 9.5 9.501 9.502 9.503 9.504 9.505 9.506 9.507 9.507 9.508 9.509 9.509 9.51 9.511
9.386 9.388 9.391 9.393 9.395 9.388 9.39 9.393 9.395 9.397 9.4 9.402 9.404 9.406 9.409 9.411 9.413 9.415 9.417 9.419 9.421 9.423 9.425 9.427 9.429 9.431 9.423 9.425 9.427 9.428 9.43 9.432 9.434 9.435 9.437 9.439 9.44 9.442 9.443 9.445 9.446 9.448 9.449 9.451 9.452 9.453 9.455 9.446 9.447 9.449 9.45 9.451 9.452 9.453 9.454 9.455 9.456 9.457 9.458 9.459 9.46 9.461 9.462 9.463 9.464 9.465 9.465 9.466 9.467 9.467 9.468 9.469
9.334 9.337 9.339 9.342 9.344 9.347 9.349 9.351 9.354 9.356 9.358 9.361 9.363 9.365 9.367 9.369 9.371 9.374 9.376 9.378 9.38 9.372 9.374 9.376 9.378 9.379 9.381 9.383 9.385 9.387 9.388 9.39 9.392 9.394 9.395 9.397 9.398 9.4 9.402 9.403 9.405 9.406 9.407 9.399 9.4 9.402 9.403 9.404 9.405 9.407 9.408 9.409 9.41 9.411 9.412 9.413 9.415 9.416 9.417 9.417 9.418 9.419 9.42 9.421 9.422 9.423 9.423 9.424 9.425 9.416 9.416 9.417
9.293 9.296 9.298 9.3 9.303 9.305 9.308 9.31 9.312 9.315 9.317 9.319 9.321 9.324 9.326 9.328 9.32 9.322 9.324 9.326 9.328 9.33 9.332 9.334 9.336 9.338 9.34 9.342 9.343 9.345 9.347 9.349 9.35 9.352 9.354 9.355 9.357 9.358 9.36 9.361 9.353 9.354 9.356 9.357 9.358 9.36 9.361 9.362 9.364 9.365 9.366 9.367 9.368 9.37 9.371 9.372 9.373 9.374 9.375 9.376 9.377 9.378 9.378 9.379 9.38 9.381 9.372 9.372 9.373 9.374 9.374 9.375
9.252 9.254 9.257 9.259 9.262 9.264 9.267 9.269 9.271 9.273 9.276 9.268 9.27 9.272 9.274 9.277 9.279 9.281 9.283 9.285 9.287 9.289 9.291 9.293 9.295 9.296 9.298 9.3 9.302 9.304 9.305 9.307 9.309 9.31 9.312 9.314 9.305 9.307 9.308 9.31 9.311 9.313 9.314 9.315 9.317 9.318 9.319 9.321 9.322 9.323 9.324 9.326 9.327 9.328 9.329 9.33 9.331 9.332 9.333 9.334 9.335 9.336 9.337 9.328 9.328 9.329 9.33 9.331 9.331 9.332 9.333 9.333
9.211 9.214 9.216 9.218 9.221 9.213 9.215 9.218 9.22 9.222 9.225 9.227 9.229 9.231 9.233 9.235 9.237 9.239 9.242 9.244 9.246 9.247 9.249 9.251 9.253 9.255 9.257 9.259 9.26 9.262 9.264 9.266 9.257 9.259 9.261 9.262 9.264 9.265 9.267 9.268 9.27 9.271 9.273 9.274 9.275 9.277 9.278 9.279 9.28 9.282 9.283 9.284 9.285 9.286 9.287 9.288 9.29 9.291 9.291 9.292 9.283 9.284 9.285 9.286 9.287 9.288 9.288 9.289 9.29 9.291 9.291 9.292
9.16 9.163 9.165 9.167 9.17 9.172 9.174 9.177 9.179 9.181 9.183 9.186 9.188 9.19 9.192 9.194 9.196 9.198 9.2 9.202 9.204 9.206 9.208 9.21 9.212 9.214 9.216 9.207 9.209 9.211 9.213 9.214 9.216 9.218 9.219 9.221 9.222 9.224 9.225 9.227 9.228 9.23 9.231 9.233 9.234 9.235 9.237 9.238 9.239 9.24 9.241 9.243 9.244 9.245 9.246 9.247 9.248 9.239 9.24 9.241 9.242 9.243 9.244 9.245 9.245 9.246 9.247 9.248 9.248 9.249 9.25 9.25
