2023-11-06-assignment/DATA/monthly_temperature_sample.txt
ncols         886
nrows         691
xllcorner     111.975
yllcorner     -44.525
cellsize      0.05
NODATA_value  -9999
[rows 160 to 191 of 691, columns 576 to 647 of 886]
34.628 34.735 34.763 34.876 34.992 35.068 35.159 35.24 35.279 35.308 35.347 35.395 35.415 35.441 35.433 35.457 35.462 35.478 35.454 35.451 35.459 35.454 35.465 35.452 35.424 35.441 35.453 35.445 35.44 35.44 35.193 35.233 35.314 35.134 35.092 34.953 34.941 35.131 35.016 34.962 34.984 34.898 34.833 34.784 34.716 34.627 34.608 34.421 34.382 34.309 34.318 34.201 34.125 34.164 34.054 33.687 33.63 33.71 33.392 33.366 32.871 32.93 32.778 32.879 33.237 32.757 32.169 32.627 32.386 32.379 32.169 31.835
34.707 34.802 34.847 34.942 35.043 35.118 35.216 35.268 35.311 35.34 35.388 35.411 35.426 35.445 35.451 35.47 35.469 35.478 35.493 35.491 35.498 35.481 35.492 35.496 35.51 35.491 35.477 35.48 35.447 35.309 35.335 35.172 34.693 35.075 34.696 34.826 34.803 34.987 35.07 34.976 34.949 34.908 34.812 34.673 34.62 34.579 34.423 34.46 34.37 34.346 34.064 34.1 34.027 34.007 33.933 33.929 33.565 33.49 33.105 32.811 32.73 33.322 33.323 32.975 32.299 33.095 32.998 32.868 32.748 32.569 32.357 31.836
34.776 34.871 34.916 34.999 35.093 35.176 35.251 35.281 35.321 35.375 35.405 35.421 35.447 35.471 35.482 35.486 35.479 35.494 35.513 35.526 35.539 35.511 35.52 35.523 35.526 35.532 35.525 35.507 35.447 35.284 34.968 34.896 35.194 34.848 34.937 34.796 34.752 35.025 35.059 34.985 34.986 34.897 34.788 34.665 34.547 34.47 34.293 34.39 34.359 34.125 34.185 33.989 33.929 33.849 33.797 33.74 33.583 33.53 32.925 32.771 32.593 33.224 33.232 33.294 33.033 32.975 33.038 32.877 32.719 32.564 32.392 32.061
34.848 34.933 34.977 35.047 35.126 35.207 35.278 35.334 35.364 35.394 35.415 35.429 35.448 35.465 35.486 35.495 35.503 35.5 35.507 35.525 35.548 35.541 35.528 35.525 35.561 35.545 35.579 35.57 35.492 35.307 35.044 34.991 35.117 35.021 34.82 34.884 34.988 34.772 34.992 34.982 34.946 34.903 34.77 34.622 34.573 34.423 34.318 34.133 34.286 34.224 34.064 34.134 33.72 33.871 33.689 33.571 33.532 32.994 32.532 32.386 32.79 33.146 32.947 33.012 33.044 32.888 32.88 32.766 32.721 32.545 32.353 32.137
34.905 34.996 35.049 35.096 35.167 35.227 35.287 35.34 35.384 35.411 35.447 35.459 35.481 35.468 35.518 35.52 35.521 35.526 35.528 35.533 35.543 35.552 35.571 35.556 35.569 35.586 35.602 35.599 35.532 35.354 34.944 35.091 34.942 35.066 34.91 34.877 35.004 35.025 35.016 34.652 34.821 34.819 34.791 34.707 34.676 34.561 34.46 34.144 34.362 34.066 34.035 34.021 33.993 33.887 33.773 33.708 33.596 33.37 32.474 32.302 32.859 32.937 32.976 32.983 33.009 32.951 32.59 32.666 32.585 32.559 32.279 32.086
34.964 35.044 35.104 35.152 35.208 35.268 35.324 35.36 35.404 35.444 35.46 35.464 35.479 35.516 35.513 35.524 35.535 35.534 35.544 35.559 35.568 35.57 35.571 35.594 35.576 35.597 35.593 35.569 35.536 35.477 35.364 35.313 35.178 35.037 34.948 34.845 34.853 34.772 34.774 34.715 34.69 34.67 34.774 34.708 34.683 34.631 34.537 34.409 34.34 34.188 34.133 34.005 33.891 33.403 33.662 33.747 33.503 33.416 32.761 32.181 32.757 32.841 32.821 32.909 32.707 32.916 32.806 32.594 32.363 32.158 32.312 32.156
35.008 35.104 35.128 35.178 35.258 35.297 35.343 35.375 35.409 35.453 35.473 35.492 35.516 35.534 35.517 35.533 35.542 35.551 35.559 35.56 35.573 35.568 35.571 35.576 35.595 35.572 35.548 35.525 35.512 35.459 35.399 35.287 35.143 35.095 34.81 34.621 34.83 34.799 34.789 34.693 34.601 34.43 34.697 34.649 34.663 34.612 34.402 34.455 34.302 34.295 34.043 34.087 33.831 33.681 33.64 33.694 33.579 33.436 32.844 32.297 32.197 32.43 32.77 31.424 31.408 32.72 32.71 32.591 32.359 32.141 31.986 31.907
35.057 35.152 35.185 35.223 35.283 35.33 35.36 35.383 35.43 35.466 35.489 35.494 35.504 35.526 35.534 35.539 35.558 35.553 35.559 35.559 35.57 35.572 35.545 35.558 35.564 35.549 35.519 35.497 35.487 35.454 35.378 35.17 35.121 35.018 34.619 34.578 34.866 34.474 34.625 34.596 34.577 34.514 34.502 34.562 34.566 34.566 34.238 34.378 34.322 34.226 34.259 34.076 33.789 33.626 33.488 33.526 33.438 33.396 32.713 32.229 31.963 32.345 31.901 31.3 30.92 32.353 32.546 32.573 32.264 31.993 31.701 31.775
35.143 35.188 35.234 35.244 35.309 35.353 35.379 35.388 35.426 35.447 35.498 35.518 35.52 35.521 35.534 35.536 35.554 35.559 35.563 35.582 35.585 35.563 35.556 35.538 35.528 35.509 35.499 35.461 35.424 35.401 35.325 35.275 35.217 35.152 34.792 34.526 34.589 34.032 34.493 34.293 34.554 34.394 34.589 34.505 34.555 34.467 34.334 34.339 34.232 34.088 34.228 33.735 33.784 33.592 33.363 33.421 33.235 33.24 32.856 32.164 31.79 31.895 31.363 30.706 31.373 32.214 32.607 32.403 32.111 31.714 31.266 31.717
35.185 35.218 35.266 35.274 35.317 35.357 35.379 35.41 35.414 35.444 35.499 35.498 35.54 35.539 35.532 35.542 35.533 35.554 35.562 35.558 35.552 35.526 35.512 35.501 35.512 35.484 35.459 35.43 35.396 35.353 35.271 35.259 35.147 35.114 34.656 34.797 34.258 34.097 34.471 34.031 34.332 34.245 34.423 34.487 34.461 34.373 34.227 34.224 34.096 34.077 34.164 33.957 33.713 33.376 33.315 33.378 33.221 32.979 32.657 31.951 31.578 31.125 30.679 30.79 31.254 32.421 32.351 32.259 31.876 31.088 31.504 31.503
35.232 35.243 35.308 35.295 35.334 35.37 35.383 35.422 35.43 35.445 35.491 35.512 35.516 35.524 35.545 35.535 35.524 35.537 35.531 35.525 35.515 35.5 35.488 35.492 35.464 35.44 35.412 35.392 35.379 35.342 35.223 35.163 35.142 35.062 34.63 34.806 34.496 33.923 34.047 33.877 34.18 34.255 34.173 34.367 34.371 34.064 34.252 34.008 34.028 33.955 34.001 33.901 33.854 33.459 33.114 33.239 32.869 32.684 32.233 31.765 31.228 30.917 31.133 31.76 32.247 32.283 31.492 32.099 31.708 30.817 30.979 31.064
35.213 35.235 35.293 35.35 35.337 35.374 35.396 35.42 35.437 35.462 35.487 35.5 35.507 35.526 35.52 35.502 35.513 35.518 35.51 35.499 35.489 35.482 35.458 35.435 35.417 35.407 35.387 35.359 35.327 35.33 35.265 35.217 35.141 35.009 34.944 34.9 34.34 34.013 34.13 33.96 33.838 34.121 34.142 34.27 34.399 33.948 34.201 34.122 33.931 33.858 33.94 33.649 33.632 33.039 33.058 33.102 32.979 32.291 32.099 31.592 31.07 30.686 31.413 31.899 31.934 32.152 32.262 32.131 31.896 31.742 31.047 31.247
35.198 35.237 35.301 35.315 35.339 35.367 35.392 35.415 35.419 35.458 35.493 35.479 35.49 35.513 35.517 35.485 35.488 35.479 35.469 35.45 35.444 35.434 35.435 35.411 35.384 35.384 35.345 35.331 35.304 35.288 35.234 35.205 35.026 34.937 35.035 34.895 34.631 34.528 33.868 34.039 34.077 33.849 34.006 33.993 34.319 33.829 34.037 34.064 33.879 33.939 33.955 33.849 33.7 33.267 33.234 32.887 32.632 32.621 32.029 31.586 30.98 30.607 31.046 31.442 31.633 32.105 32.028 32.069 32.033 31.413 31.584 31.37
35.196 35.232 35.277 35.321 35.357 35.358 35.378 35.407 35.405 35.447 35.462 35.492 35.483 35.491 35.488 35.483 35.473 35.461 35.453 35.434 35.424 35.425 35.406 35.385 35.361 35.348 35.307 35.31 35.269 35.228 35.186 35.186 35.098 35.061 34.927 34.629 34.675 34.359 34.364 34.06 33.859 33.93 33.952 33.856 34.23 33.711 33.954 33.796 33.804 33.726 33.857 33.715 33.722 33.467 33.17 32.838 32.436 32.195 31.912 31.374 30.99 31.138 31.212 30.757 31.359 31.851 31.932 31.927 31.821 31.76 31.64 31.446
35.188 35.214 35.263 35.293 35.333 35.338 35.343 35.376 35.396 35.43 35.446 35.469 35.463 35.456 35.456 35.456 35.449 35.44 35.42 35.427 35.411 35.379 35.37 35.347 35.316 35.305 35.269 35.246 35.209 35.174 35.143 35.131 35.079 35 34.827 34.584 34.712 34.488 34.347 34.171 34.031 34.018 33.814 34.03 34.124 34.036 33.787 33.688 33.514 33.663 33.77 33.698 33.524 33.343 32.841 32.452 32.428 32.304 32.028 32.095 31.561 31.605 31.165 30.502 31.498 31.778 31.865 31.851 31.674 31.623 31.652 31.484
35.166 35.197 35.238 35.267 35.304 35.319 35.317 35.352 35.366 35.404 35.406 35.427 35.43 35.432 35.435 35.433 35.412 35.407 35.391 35.378 35.37 35.367 35.344 35.331 35.286 35.249 35.229 35.229 35.156 35.119 35.088 35.057 35.03 34.963 34.905 34.742 34.758 34.656 33.977 34.294 33.774 33.897 33.619 33.791 34.059 33.885 33.741 33.416 33.65 33.669 33.631 33.718 33.393 33.318 33.207 32.733 32.861 32.839 32.717 32.417 31.355 31.068 30.859 30.729 31.433 31.76 31.779 31.797 31.507 31.125 31.415 31.462
35.144 35.181 35.224 35.241 35.266 35.285 35.299 35.302 35.342 35.355 35.38 35.399 35.388 35.394 35.407 35.395 35.391 35.384 35.365 35.346 35.33 35.301 35.294 35.284 35.261 35.225 35.208 35.184 35.126 35.113 35.067 35.02 34.968 34.931 34.862 34.771 34.769 34.71 34.54 34.27 33.91 33.644 33.716 33.657 33.876 33.728 33.502 33.335 33.512 33.556 33.585 33.495 33.574 33.246 33.06 32.818 32.858 32.734 32.58 31.429 31.513 30.677 30.634 30.734 31.511 31.678 31.589 31.677 31.512 31.228 31.266 31.376
35.12 35.162 35.183 35.222 35.227 35.233 35.276 35.29 35.306 35.297 35.344 35.356 35.371 35.358 35.37 35.374 35.344 35.342 35.345 35.316 35.293 35.274 35.254 35.226 35.194 35.174 35.155 35.137 35.108 35.088 35.035 35 34.936 34.899 34.848 34.709 34.738 34.673 34.491 34.257 34.257 33.903 33.408 33.409 33.522 33.494 33.454 33.52 33.223 33.585 33.261 32.965 33.375 33.414 32.822 33.21 32.827 32.529 32.325 31.326 30.528 30.319 30.823 31.477 31.634 31.595 31.589 31.545 31.473 31.147 30.76 31.288
35.085 35.127 35.154 35.17 35.202 35.22 35.25 35.268 35.29 35.297 35.301 35.315 35.307 35.323 35.326 35.317 35.314 35.304 35.297 35.291 35.266 35.252 35.218 35.195 35.18 35.14 35.139 35.107 35.071 35.051 35.022 34.984 34.916 34.873 34.809 34.78 34.706 34.548 34.512 34.333 34.226 33.878 33.517 33.174 33.039 33.242 33.2 33.085 33.175 33.189 33.072 32.963 32.996 32.99 33.015 32.778 32.567 31.89 31.983 31.441 30.896 30.392 30.516 31.22 31.293 31.392 31.447 31.275 31.449 31.033 31.161 30.738
35.075 35.082 35.109 35.142 35.193 35.203 35.226 35.244 35.252 35.27 35.271 35.292 35.298 35.289 35.273 35.285 35.274 35.274 35.274 35.243 35.223 35.223 35.182 35.157 35.135 35.106 35.08 35.059 35.022 34.995 34.966 34.928 34.875 34.826 34.793 34.727 34.665 34.534 34.516 34.302 34.206 33.838 33.702 33.453 33.304 33.242 33.157 33.039 33.278 33.009 33.217 33.3 32.898 32.871 32.611 32.301 32.09 32.129 31.829 31.304 31.076 30.685 30.73 30.663 30.954 30.905 31.413 31.321 31.089 30.988 30.644 30.196
35.026 35.075 35.084 35.128 35.155 35.147 35.194 35.198 35.228 35.245 35.228 35.264 35.247 35.247 35.248 35.24 35.246 35.246 35.23 35.209 35.2 35.181 35.132 35.122 35.077 35.076 35.05 35.015 34.977 34.945 34.891 34.859 34.836 34.769 34.748 34.694 34.626 34.544 34.447 34.342 34.349 34.045 33.866 33.977 33.599 33.608 33.296 33.181 32.914 33.089 33.123 33.084 32.754 32.754 32.811 32.622 32.267 31.902 31.433 31.379 31.322 30.92 30.531 30.534 30.381 30.399 31.261 29.879 30.238 30.813 30.341 30.664
35.02 35.06 35.073 35.106 35.115 35.128 35.175 35.203 35.201 35.214 35.206 35.229 35.223 35.191 35.219 35.224 35.215 35.201 35.192 35.181 35.158 35.12 35.094 35.089 35.059 35.052 35.018 34.988 34.952 34.911 34.863 34.806 34.783 34.752 34.701 34.623 34.537 34.454 34.406 34.265 34.183 34.193 34.113 33.805 33.663 33.39 33.431 33.345 33.127 32.914 32.908 33.102 33.145 32.875 32.426 32.335 32.314 31.839 31.887 31.708 31.331 31.114 30.458 30.66 31.039 31.057 30.708 30.702 29.554 30.674 30.565 30.819
35.002 35.027 35.054 35.073 35.088 35.11 35.125 35.159 35.162 35.184 35.175 35.179 35.195 35.169 35.172 35.175 35.185 35.167 35.158 35.145 35.115 35.094 35.071 35.061 35.036 35.021 34.998 34.967 34.894 34.877 34.828 34.771 34.736 34.699 34.665 34.612 34.535 34.484 34.412 34.319 34.176 33.988 34.009 33.89 33.66 33.51 33.52 33.409 33.198 32.613 32.583 32.989 32.838 32.749 32.722 32.395 31.969 31.979 31.672 31.581 31.373 31.023 30.572 30.397 30.633 29.622 30.194 30.735 30.547 30.465 30.426 30.789
34.986 34.986 34.995 35.034 35.053 35.074 35.071 35.128 35.125 35.122 35.149 35.146 35.142 35.169 35.124 35.126 35.132 35.129 35.116 35.108 35.093 35.043 35.05 35.031 34.986 34.976 34.955 34.905 34.854 34.812 34.763 34.73 34.686 34.643 34.603 34.568 34.494 34.412 34.331 34.215 34.151 34.055 33.893 33.841 33.745 33.578 33.527 33.226 32.971 32.957 32.555 32.292 32.598 32.784 32.683 32.25 32.34 31.846 31.764 31.698 31.182 31.104 30.699 30.62 30.519 29.829 30.502 30.165 30.627 30.424 30.548 30.688
34.949 34.945 34.958 35.003 35.009 35.036 35.044 35.071 35.074 35.112 35.102 35.111 35.094 35.108 35.139 35.109 35.105 35.099 35.085 35.076 35.036 35.025 35.009 34.983 34.95 34.897 34.873 34.871 34.831 34.796 34.758 34.728 34.656 34.594 34.555 34.489 34.462 34.355 34.302 34.14 34.125 34.054 34.002 33.89 33.78 33.608 33.482 33.269 33.027 32.98 32.69 32.689 32.313 32.73 32.586 32.481 32.14 31.817 32.028 31.784 30.94 31.012 30.81 30.847 30.566 29.622 29.854 30.03 30.476 30.489 30.445 30.613
34.898 34.937 34.949 34.958 34.988 34.99 35.016 35.031 35.051 35.053 35.07 35.084 35.103 35.082 35.07 35.07 35.069 35.055 35.059 35.025 35.015 34.997 34.99 34.952 34.899 34.87 34.845 34.819 34.796 34.766 34.722 34.686 34.639 34.571 34.519 34.463 34.401 34.341 34.288 34.208 34.118 34.053 33.983 33.889 33.767 33.669 33.568 33.366 33.401 33.078 32.732 32.676 32.237 32.643 32.592 32.517 32.264 32.004 32.016 31.286 31.173 30.988 30.965 30.938 30.602 29.943 30.002 30.4 30.14 30.288 30.331 30.589
34.882 34.896 34.927 34.916 34.953 34.936 34.974 35.006 35.024 35.019 34.996 35.021 35.04 35.083 35.089 35.057 35.05 35.047 35.044 35.016 34.992 34.986 34.96 34.921 34.881 34.82 34.819 34.802 34.786 34.749 34.693 34.675 34.602 34.571 34.505 34.451 34.395 34.336 34.258 34.207 34.131 34.051 33.945 33.846 33.785 33.685 33.543 33.452 33.34 33.023 32.938 32.265 32.257 32.45 32.206 32.207 32.382 32.073 32.054 31.545 31.187 31.293 30.834 30.793 30.568 30.279 30.258 30.135 30.194 29.972 30.005 30.413
34.87 34.878 34.896 34.886 34.909 34.899 34.931 34.954 34.998 34.98 35.012 34.963 35.004 35.009 35.039 35.037 35.029 35.032 35.028 35.005 34.987 34.956 34.936 34.933 34.865 34.81 34.79 34.769 34.734 34.707 34.669 34.61 34.578 34.54 34.505 34.451 34.387 34.317 34.274 34.195 34.111 34.038 33.965 33.778 33.735 33.636 33.525 33.427 33.082 33.19 32.862 32.713 31.879 31.831 32.143 31.743 32.159 31.918 31.617 31.685 31.41 31.296 30.958 30.569 30.318 30.023 29.559 29.792 29.933 29.741 29.675 30.272
34.833 34.853 34.852 34.866 34.889 34.872 34.877 34.902 34.94 34.934 34.987 34.926 34.956 34.967 34.966 34.998 35.008 34.986 34.981 34.97 34.933 34.908 34.897 34.856 34.839 34.796 34.77 34.734 34.686 34.655 34.644 34.586 34.541 34.485 34.462 34.402 34.326 34.268 34.201 34.126 34.093 34.032 33.921 33.767 33.559 33.564 33.469 33.162 33.224 32.999 32.677 32.058 32.251 31.418 31.854 31.721 32.041 31.655 31.398 31.693 31.539 31.123 30.587 30.299 30.067 29.477 29.748 29.727 29.546 29.504 29.25 30.134
34.775 34.811 34.818 34.848 34.837 34.844 34.867 34.873 34.914 34.921 34.939 34.877 34.923 34.934 34.926 34.93 34.936 34.908 34.921 34.909 34.915 34.88 34.865 34.855 34.825 34.797 34.746 34.688 34.662 34.661 34.604 34.573 34.5 34.448 34.39 34.365 34.276 34.189 34.134 34.052 34.002 33.929 33.799 33.581 33.465 33.366 33.309 33.15 32.847 32.808 32.534 31.73 31.537 31.12 31.388 31.328 31.585 31.426 31.378 31.403 31.09 30.854 30.668 30.14 29.661 28.884 29.059 29.383 29.561 29.707 29.919 29.595
34.667 34.678 34.722 34.819 34.832 34.83 34.843 34.859 34.847 34.878 34.906 34.899 34.916 34.918 34.903 34.907 34.897 34.878 34.921 34.897 34.865 34.842 34.869 34.84 34.832 34.8 34.755 34.731 34.682 34.655 34.597 34.542 34.5 34.453 34.353 34.346 34.254 34.2 34.103 34.028 33.934 33.831 33.75 33.619 33.504 33.38 33.199 33.02 32.84 32.678 32.266 31.845 32.095 31.511 31.103 30.935 30.847 31.014 30.659 30.731 30.429 30.81 29.821 29.237 29.833 29.399 29.212 29.345 29.147 29.435 29.491 29.379
34.588 34.685 34.704 34.739 34.764 34.805 34.799 34.822 34.815 34.825 34.855 34.848 34.85 34.872 34.868 34.858 34.854 34.813 34.829 34.847 34.839 34.847 34.818 34.813 34.799 34.76 34.737 34.678 34.645 34.614 34.578 34.507 34.45 34.375 34.327 34.296 34.235 34.181 34.108 34.003 33.916 33.794 33.751 33.626 33.363 33.268 33.112 32.991 33.023 32.84 32.794 32.656 32.244 31.843 31.183 30.732 30.354 30.148 30.284 30.144 30.262 30.124 29.651 29.148 29.102 28.773 29.069 28.448 29.131 29.078 29.007 28.995
