2023-11-06-assignment/DATA/monthly_temperature_sample.txt
ncols         886
nrows         691
xllcorner     111.975
yllcorner     -44.525
cellsize      0.05
NODATA_value  -9999
[rows 448 to 479 of 691, columns 576 to 647 of 886]
24.161 24.078 24.15 24.167 24.137 24.411 24.414 24.366 24.546 24.585 24.625 24.717 24.676 24.735 24.822 24.899 24.939 25.006 25.06 25.114 25.137 25.177 25.223 25.256 25.265 25.304 25.344 25.369 25.394 25.379 25.383 25.388 25.422 25.397 25.43 25.429 25.413 25.418 25.426 25.433 25.42 25.427 25.433 25.415 25.449 25.43 25.48 25.482 25.508 25.516 25.52 25.549 25.546 25.626 25.595 25.675 25.596 25.654 25.636 25.729 25.707 25.732 25.757 25.733 25.806 25.836 25.879 25.891 25.891 25.901 25.902 25.889
24.257 23.992 24.235 24.415 24.399 24.439 24.52 24.458 24.623 24.645 24.652 24.703 24.758 24.771 24.822 24.847 24.934 24.987 25.033 25.073 25.126 25.166 25.188 25.214 25.26 25.303 25.295 25.266 25.318 25.323 25.266 25.331 25.376 25.379 25.374 25.367 25.352 25.351 25.304 25.34 25.375 25.334 25.389 25.41 25.433 25.394 25.404 25.371 25.456 25.43 25.504 25.539 25.509 25.514 25.538 25.532 25.556 25.57 25.586 25.631 25.66 25.689 25.631 25.683 25.763 25.765 25.819 25.848 25.837 25.833 25.821 25.835
24.278 24.292 24.209 24.356 24.374 24.53 24.567 24.552 24.607 24.693 24.726 24.761 24.815 24.796 24.809 24.907 24.966 24.984 25.023 25.059 25.105 25.13 25.176 25.178 25.299 25.257 25.269 25.236 25.248 25.252 25.238 25.302 25.309 25.315 25.285 25.29 25.293 25.272 25.23 25.252 25.247 25.268 25.31 25.276 25.286 25.355 25.351 25.346 25.376 25.347 25.363 25.461 25.424 25.49 25.471 25.461 25.513 25.513 25.564 25.601 25.602 25.507 25.136 25.55 25.81 25.701 25.769 25.795 25.757 25.797 25.795 25.788
24.168 24.237 24.392 24.465 24.524 24.551 24.533 24.599 24.627 24.711 24.743 24.761 24.81 24.817 24.873 24.909 24.953 25.005 25.009 25.04 25.086 25.118 25.181 25.07 25.157 25.162 25.123 25.1 25.159 25.231 25.213 25.252 25.203 25.252 25.219 25.228 25.216 25.182 25.124 25.24 25.18 25.257 25.189 25.238 25.277 25.263 25.287 25.283 25.341 25.336 25.338 25.357 25.442 25.35 25.395 25.334 25.403 25.465 25.52 25.522 25.448 25.088 25.412 25.631 25.711 25.648 25.74 25.697 25.679 25.688 25.738 25.738
24.472 24.486 24.486 24.58 24.632 24.57 24.592 24.631 24.651 24.646 24.732 24.776 24.821 24.844 24.899 24.927 24.943 24.994 25.011 25.029 25.06 25.095 25.039 25.037 25.021 25.091 25.095 25.031 25.117 25.195 25.184 25.14 25.173 25.201 25.17 25.146 25.155 25.068 25.065 25.175 25.177 25.159 25.223 25.073 25.143 25.205 25.257 25.254 25.243 25.225 25.262 25.34 25.283 25.319 25.303 25.363 25.328 25.379 25.43 25.46 25.289 25.384 25.472 25.511 25.487 25.487 25.746 25.738 25.686 25.608 25.651 25.671
24.509 24.541 24.558 24.573 24.649 24.546 24.616 24.62 24.653 24.682 24.703 24.762 24.82 24.849 24.883 24.904 24.939 24.989 24.992 25.03 25.047 25.048 25.018 24.982 24.993 25.038 25.033 25.009 25.108 25.121 25.103 25.124 25.119 25.145 25.123 25.06 25.049 25.052 25.04 24.999 25.092 25.102 25.056 24.996 25.087 25.137 25.168 25.059 25.207 25.231 25.254 25.188 25.197 25.257 25.282 25.241 25.272 25.372 25.306 25.419 25.335 25.375 25.366 25.482 25.513 25.527 25.631 25.65 25.599 25.601 25.636 25.625
24.496 24.522 24.525 24.528 24.596 24.637 24.665 24.662 24.661 24.703 24.729 24.802 24.839 24.723 24.763 24.893 24.941 24.984 24.993 25.03 25.047 24.983 24.843 24.995 24.978 24.976 24.98 25.072 25.014 25.037 25.069 25.09 25.083 25.064 24.995 24.997 25.022 24.991 25.072 24.971 25.041 25.065 24.944 25.016 25.101 25.075 25.118 25.142 25.084 25.133 25.143 25.104 25.113 25.236 25.202 25.199 25.182 25.303 25.32 25.35 25.154 25.111 25.325 25.438 25.414 25.519 25.498 25.538 25.564 25.57 25.571 25.538
24.527 24.515 24.553 24.555 24.59 24.637 24.631 24.669 24.674 24.708 24.731 24.779 24.778 24.651 24.8 24.854 24.932 24.968 25.011 24.993 24.955 24.866 24.911 24.887 24.857 24.936 24.995 24.95 25.015 25.038 25.043 24.982 25.033 24.962 24.97 25.031 24.967 25.013 24.954 24.97 24.975 24.99 24.89 25.066 24.965 25.016 25.024 25.026 25.051 25.003 25.013 25.065 25.033 25.079 25.139 24.966 25.115 25.208 25.236 25.259 24.987 25.076 25.35 25.355 25.356 25.378 25.455 25.447 25.491 25.473 25.506 25.573
24.492 24.494 24.518 24.54 24.548 24.601 24.637 24.66 24.672 24.706 24.741 24.741 24.671 24.715 24.866 24.885 24.878 24.934 24.966 24.899 24.868 24.666 24.82 24.885 24.793 24.763 24.979 24.948 24.916 24.967 24.999 24.966 24.952 24.906 24.975 24.89 24.895 24.893 24.935 24.945 24.989 25.014 24.974 24.985 24.954 24.97 25.014 24.967 24.969 24.945 24.946 25.011 25.076 25.06 25.065 24.965 25.121 25.082 25.138 25.231 25.157 25.253 25.328 25.275 25.29 25.438 25.446 25.359 25.435 25.415 25.43 25.521
24.489 24.47 24.484 24.517 24.545 24.592 24.627 24.664 24.664 24.695 24.737 24.767 24.655 24.808 24.849 24.889 24.874 24.816 24.838 24.881 24.808 24.633 24.705 24.887 24.746 24.739 24.825 24.966 24.88 24.951 24.942 24.943 24.946 24.918 24.843 24.913 24.933 24.835 24.902 24.926 24.971 24.949 24.958 24.941 24.907 24.952 24.969 24.929 24.924 24.939 24.95 24.961 24.97 24.926 24.84 24.952 25.081 25.151 25.202 25.164 25.184 25.218 25.338 25.313 25.238 25.427 25.391 25.398 25.318 25.373 25.387 25.427
24.495 24.477 24.433 24.506 24.527 24.581 24.619 24.635 24.652 24.699 24.727 24.757 24.706 24.818 24.838 24.829 24.88 24.839 24.661 24.817 24.771 24.596 24.675 24.688 24.836 24.73 24.829 24.911 24.825 24.862 24.908 24.909 24.899 24.803 24.894 24.854 24.826 24.846 24.858 24.925 24.901 24.911 24.903 24.849 24.86 24.84 24.795 24.874 24.841 24.836 24.941 24.913 24.849 24.802 24.918 25.023 25.076 25.159 25.152 25.183 25.21 25.241 25.222 25.168 25.268 25.325 25.281 25.342 25.335 25.34 25.336 25.316
24.483 24.403 24.455 24.46 24.487 24.554 24.585 24.574 24.594 24.586 24.648 24.725 24.784 24.83 24.778 24.772 24.716 24.74 24.837 24.697 24.686 24.637 24.778 24.609 24.754 24.75 24.85 24.788 24.839 24.852 24.861 24.88 24.839 24.718 24.838 24.815 24.809 24.878 24.932 24.91 24.866 24.893 24.862 24.843 24.862 24.634 24.749 24.86 24.876 24.843 24.889 24.855 24.732 24.841 24.878 25.025 25.081 25.116 25.144 25.14 25.198 25.183 25.112 25.149 25.241 25.19 25.286 25.342 25.297 25.313 25.319 25.258
24.325 24.403 24.489 24.323 24.522 24.51 24.568 24.535 24.569 24.499 24.458 24.487 24.586 24.653 24.714 24.611 24.631 24.723 24.782 24.687 24.651 24.668 24.64 24.623 24.692 24.819 24.73 24.678 24.788 24.846 24.859 24.857 24.692 24.689 24.781 24.756 24.858 24.892 24.871 24.898 24.868 24.869 24.845 24.792 24.69 24.612 24.827 24.789 24.844 24.791 24.73 24.754 24.687 24.814 24.893 25.033 25.145 25.191 25.079 25.096 25.119 25.108 25.12 25.143 25.078 25.176 25.25 25.246 25.248 25.252 25.228 25.186
24.287 24.341 24.358 24.356 24.37 24.412 24.443 24.646 24.526 24.472 24.417 24.374 24.459 24.525 24.628 24.415 24.568 24.763 24.709 24.734 24.671 24.743 24.687 24.632 24.781 24.802 24.795 24.62 24.778 24.837 24.794 24.834 24.68 24.653 24.843 24.756 24.868 24.869 24.897 24.875 24.874 24.907 24.807 24.81 24.563 24.693 24.826 24.827 24.83 24.732 24.584 24.681 24.684 24.784 24.935 25.083 25.087 25.042 25.025 25.035 24.967 25.102 25.086 25.084 25.098 25.151 25.154 25.17 25.16 25.117 25.092 25.124
24.278 24.352 24.473 24.536 24.37 24.296 24.388 24.488 24.495 24.396 24.461 24.593 24.716 24.651 24.506 24.493 24.618 24.676 24.687 24.651 24.642 24.745 24.724 24.604 24.756 24.777 24.792 24.72 24.706 24.803 24.83 24.625 24.692 24.828 24.804 24.793 24.893 24.859 24.867 24.874 24.852 24.851 24.814 24.616 24.682 24.761 24.79 24.805 24.739 24.634 24.559 24.671 24.757 24.917 24.929 25.025 24.98 25.019 24.876 24.987 24.94 25.036 25.044 25.055 25.08 25.076 25.082 25.083 25.082 25.07 25.08 25.07
24.152 24.205 24.298 24.306 24.367 24.419 24.339 24.364 24.404 24.308 24.493 24.621 24.686 24.556 24.5 24.425 24.712 24.598 24.651 24.663 24.655 24.709 24.709 24.758 24.731 24.691 24.768 24.741 24.745 24.731 24.828 24.73 24.653 24.775 24.794 24.866 24.862 24.843 24.831 24.852 24.852 24.726 24.752 24.673 24.773 24.79 24.771 24.821 24.696 24.529 24.681 24.807 24.814 24.932 24.916 24.897 24.95 24.87 24.709 24.953 24.976 24.953 24.999 25.01 24.989 25.019 24.999 25.003 24.966 24.974 24.956 24.981
24.265 24.373 24.27 24.212 24.311 24.29 24.337 24.41 24.436 24.533 24.501 24.518 24.48 24.529 24.562 24.511 24.369 24.589 24.627 24.667 24.735 24.715 24.729 24.705 24.755 24.694 24.516 24.655 24.587 24.643 24.822 24.829 24.731 24.758 24.776 24.78 24.797 24.869 24.829 24.851 24.81 24.691 24.731 24.677 24.799 24.879 24.756 24.688 24.647 24.633 24.73 24.739 24.766 24.811 24.873 24.811 24.757 24.305 24.885 24.898 24.868 24.908 24.902 24.905 24.886 24.975 24.892 24.923 24.872 24.879 24.836 24.875
24.171 24.231 24.306 24.265 24.226 24.205 24.313 24.331 24.46 24.543 24.511 24.48 24.266 24.514 24.597 24.573 24.447 24.561 24.535 24.623 24.699 24.626 24.689 24.649 24.665 24.687 24.568 24.652 24.612 24.606 24.71 24.794 24.842 24.619 24.805 24.802 24.799 24.819 24.773 24.816 24.793 24.695 24.715 24.72 24.718 24.798 24.696 24.667 24.703 24.765 24.72 24.715 24.723 24.733 24.826 24.758 24.744 24.835 24.856 24.833 24.817 24.874 24.877 24.87 24.871 24.813 24.876 24.801 24.781 24.76 24.737 24.756
24.181 24.154 24.173 24.184 24.213 24.312 24.32 24.354 24.262 24.362 24.488 24.444 24.333 24.361 24.361 24.531 24.481 24.364 24.576 24.634 24.593 24.576 24.453 24.614 24.64 24.656 24.623 24.601 24.679 24.66 24.682 24.592 24.741 24.852 24.83 24.786 24.763 24.78 24.7 24.639 24.765 24.696 24.765 24.784 24.696 24.671 24.702 24.725 24.772 24.738 24.727 24.66 24.679 24.668 24.695 24.732 24.76 24.771 24.784 24.779 24.784 24.784 24.787 24.8 24.777 24.739 24.759 24.711 24.698 24.655 24.689 24.69
24.096 24.065 24.112 24.125 24.16 24.266 24.274 24.321 24.319 24.28 24.137 24.328 24.43 24.321 24.228 24.432 24.515 24.474 24.524 24.58 24.535 24.585 24.514 24.565 24.605 24.608 24.593 24.512 24.584 24.534 24.688 24.565 24.721 24.728 24.824 24.844 24.724 24.818 24.745 24.727 24.735 24.805 24.736 24.693 24.621 24.608 24.73 24.597 24.689 24.721 24.711 24.686 24.694 24.691 24.642 24.654 24.689 24.7 24.724 24.704 24.722 24.68 24.694 24.699 24.675 24.643 24.66 24.605 24.57 24.633 24.595 24.589
24.056 24.073 24.136 24.128 24.093 24.071 24.22 24.266 24.212 24.101 24.351 24.296 24.413 24.366 24.301 24.244 24.389 24.418 24.365 24.549 24.571 24.548 24.561 24.536 24.501 24.608 24.504 24.466 24.5 24.585 24.532 24.607 24.691 24.726 24.743 24.854 24.845 24.78 24.756 24.71 24.684 24.595 24.602 24.511 24.373 24.685 24.678 24.681 24.672 24.6 24.716 24.579 24.671 24.588 24.56 24.618 24.567 24.626 24.6 24.609 24.7 24.574 24.614 24.605 24.602 24.584 24.54 24.52 24.485 24.54 24.499 24.489
23.995 24.16 24.122 24.286 24.189 24.127 24.006 24.169 24.232 24.127 24.16 24.323 24.295 24.328 24.325 24.379 24.124 24.216 24.337 24.438 24.52 24.55 24.515 24.577 24.63 24.512 24.415 24.433 24.482 24.388 24.56 24.556 24.648 24.645 24.784 24.812 24.804 24.795 24.719 24.639 24.645 24.563 24.403 24.388 24.426 24.661 24.655 24.647 24.649 24.64 24.581 24.574 24.526 24.632 24.587 24.551 24.507 24.493 24.495 24.496 24.493 24.485 24.504 24.516 24.488 24.42 24.435 24.421 24.411 24.416 24.383 24.386
24.041 24.001 23.911 24.088 24.245 24.176 24.053 24.175 24.133 23.994 24.075 24.19 24.207 24.202 24.297 24.251 24.225 24.27 24.281 24.453 24.48 24.455 24.449 24.38 24.478 24.476 24.366 24.484 24.447 24.489 24.61 24.61 24.633 24.693 24.736 24.75 24.722 24.644 24.672 24.662 24.55 24.489 24.637 24.699 24.626 24.637 24.666 24.673 24.616 24.607 24.597 24.492 24.529 24.527 24.509 24.438 24.426 24.422 24.453 24.402 24.391 24.425 24.406 24.367 24.384 24.34 24.334 24.303 24.309 24.297 24.259 24.252
24.001 23.998 24.056 23.965 23.983 24.037 24.011 24.166 24.061 24.129 24.175 24.086 24.114 24.252 24.182 24.196 24.192 24.272 24.308 24.398 24.291 24.409 24.445 24.384 24.351 24.36 24.455 24.394 24.618 24.476 24.511 24.592 24.639 24.718 24.706 24.696 24.723 24.632 24.623 24.551 24.428 24.36 24.431 24.554 24.609 24.605 24.669 24.606 24.584 24.575 24.52 24.572 24.437 24.508 24.421 24.283 24.39 24.383 24.347 24.363 24.349 24.316 24.261 24.275 24.239 24.247 24.231 24.209 24.176 24.164 24.147 24.105
24.006 23.875 24.017 23.908 23.984 23.995 24.016 24.004 24.086 24.177 24.081 24.083 24.153 24.077 24.139 24.158 24.176 24.146 24.222 24.313 24.217 24.301 24.394 24.326 24.301 24.296 24.358 24.332 24.563 24.548 24.493 24.591 24.637 24.674 24.589 24.576 24.563 24.478 24.55 24.491 24.387 24.389 24.517 24.619 24.604 24.558 24.566 24.63 24.517 24.575 24.523 24.446 24.448 24.375 24.266 24.24 24.466 24.361 24.318 24.281 24.281 24.206 24.211 24.144 24.129 24.148 24.13 24.098 24.089 24.063 24.02 24.03
23.856 23.81 23.861 23.945 23.884 23.932 23.93 24.063 24.026 24.041 24.119 24.162 24.028 23.991 24.051 24.02 24.108 24.104 24.181 24.273 24.219 24.201 24.245 24.297 24.293 24.296 24.372 24.368 24.399 24.53 24.552 24.581 24.537 24.606 24.588 24.436 24.597 24.496 24.515 24.443 24.262 24.475 24.533 24.593 24.509 24.54 24.534 24.5 24.496 24.431 24.468 24.379 24.343 24.235 24.147 24.416 24.361 24.319 24.282 24.244 24.205 24.225 24.135 24.124 24.098 24.081 24.063 24.059 24.043 24.001 24.001 23.989
23.814 23.808 23.821 23.934 23.837 23.782 23.921 24.018 23.93 24.084 24.009 24.032 23.975 24.03 23.932 24.02 24.162 24.087 24.193 24.189 24.192 24.212 24.243 24.282 24.255 24.293 24.346 24.37 24.478 24.54 24.529 24.51 24.473 24.407 24.413 24.45 24.479 24.438 24.318 24.253 24.215 24.582 24.567 24.526 24.418 24.463 24.388 24.494 24.402 24.383 24.338 24.268 24.26 24.123 24.006 24.325 24.319 24.326 24.211 24.215 24.204 24.178 24.139 24.079 24.052 24.035 24.014 23.988 23.985 23.96 23.949 23.938
23.71 23.728 23.777 23.879 23.804 23.74 23.777 23.944 23.89 23.903 23.835 23.97 23.915 23.927 23.862 23.914 24.026 23.994 24.112 24.227 24.182 24.103 24.156 24.244 24.241 24.35 24.382 24.414 24.471 24.496 24.464 24.373 24.416 24.505 24.511 24.472 24.48 24.376 24.278 24.192 24.336 24.449 24.57 24.576 24.415 24.432 24.427 24.418 24.439 24.336 24.234 24.178 24.162 24.019 24.092 24.369 24.299 24.253 24.244 24.205 24.182 24.141 24.116 24.076 24.035 24.007 23.946 23.94 23.934 23.931 23.919 23.886
23.667 23.667 23.666 23.661 23.653 23.685 23.719 23.679 23.696 23.736 23.779 23.895 23.995 23.946 24.03 23.854 23.989 24.038 23.98 24.097 24.15 24.072 24.073 24.244 24.347 24.384 24.41 24.429 24.434 24.452 24.321 24.338 24.407 24.401 24.377 24.415 24.363 24.315 24.266 24.37 24.435 24.417 24.55 24.573 24.43 24.349 24.386 24.349 24.307 24.331 24.145 24.3 24.15 24.19 24.306 24.286 24.248 24.204 24.202 24.163 24.125 24.091 24.065 24.039 23.961 23.94 23.921 23.893 23.887 23.873 23.868 23.842
23.616 23.635 23.587 23.584 23.599 23.673 23.663 23.606 23.665 23.669 23.701 23.721 23.72 23.834 23.795 23.893 23.822 23.97 24.046 24.01 24.046 24.031 24.21 24.236 24.325 24.275 24.294 24.321 24.268 24.351 24.181 24.335 24.31 24.329 24.351 24.242 24.132 24.042 24.119 24.37 24.41 24.397 24.484 24.364 24.488 24.365 24.36 24.354 24.302 24.312 24.295 24.274 24.343 24.326 24.28 24.253 24.222 24.185 24.146 24.128 24.069 24.048 24.021 23.994 23.945 23.915 23.888 23.882 23.854 23.832 23.82 23.793
23.552 23.505 23.816 23.832 23.558 23.546 23.546 23.561 23.492 23.583 23.595 23.625 23.676 23.718 23.713 23.748 23.751 23.925 24.051 24.089 23.92 24.1 24.154 24.229 24.206 24.274 24.204 24.26 24.281 24.162 24.256 24.414 24.428 24.185 24.211 24.039 24.142 24.052 24.207 24.308 24.397 24.31 24.408 24.421 24.405 24.423 24.25 24.251 24.256 24.23 24.291 24.157 24.029 24.273 24.255 24.213 24.16 24.144 24.113 24.061 24.048 24.012 23.978 23.95 23.921 23.87 23.835 23.835 23.814 23.798 23.786 23.742
23.509 23.597 23.796 23.797 23.773 23.575 23.516 23.486 23.57 23.643 23.663 23.712 23.678 23.696 23.715 23.801 23.889 23.904 23.964 24.062 24.082 24.046 24.117 24.212 24.16 24.13 24.214 24.139 24.096 24.16 24.202 24.225 24.298 24.115 24.032 24.232 23.953 24.109 24.243 24.305 24.279 24.368 24.312 24.199 24.323 24.271 24.274 24.24 24.21 24.184 24.231 24.048 24.146 24.227 24.265 24.132 24.039 24.114 24.082 24.041 24.013 23.972 23.921 23.913 23.883 23.806 23.789 23.781 23.766 23.751 23.738 23.693
