2023-11-06-assignment/DATA/monthly_temperature_sample.txt
ncols         886
nrows         691
xllcorner     111.975
yllcorner     -44.525
cellsize      0.05
NODATA_value  -9999
[rows 416 to 447 of 691, columns 432 to 503 of 886]
25.253 25.234 25.222 25.279 25.206 25.277 25.308 25.497 25.684 25.797 25.876 25.985 26.084 26.008 26.147 26.238 26.306 26.471 26.432 26.521 26.399 26.279 26.391 26.457 26.485 26.477 26.446 26.579 26.502 26.422 26.324 26.392 26.434 26.459 26.344 26.459 26.473 26.522 26.551 26.479 26.514 26.509 26.497 26.54 26.527 26.5 26.54 26.538 26.541 26.547 26.562 26.518 26.522 26.51 26.62 26.626 26.615 26.678 26.709 26.786 26.745 26.658 26.663 26.649 26.648 26.848 26.848 26.937 26.824 26.8 26.747 26.731
25.043 25.038 25.108 25.329 25.228 25.323 25.378 25.384 25.511 25.539 25.814 25.875 26.029 25.976 26.053 26.005 26.193 26.105 26.105 26.257 26.252 26.049 26.159 26.279 26.347 26.349 26.269 26.398 26.407 26.406 26.363 26.367 26.345 26.281 26.387 26.426 26.441 26.465 26.45 26.444 26.453 26.501 26.441 26.481 26.481 26.471 26.502 26.513 26.5 26.503 26.505 26.464 26.426 26.38 26.467 26.44 26.451 26.533 26.606 26.662 26.718 26.59 26.555 26.579 26.749 26.778 26.83 26.774 26.79 26.643 26.644 26.678
24.909 25.02 25.046 25.229 25.34 25.372 25.351 25.372 25.435 25.508 25.816 25.883 25.961 25.894 25.798 25.876 26.086 25.966 25.843 26.095 26.144 26.032 25.942 26.041 26.121 26.158 26.25 26.246 26.355 26.343 26.327 26.268 26.274 26.315 26.261 26.353 26.362 26.388 26.413 26.42 26.418 26.408 26.413 26.421 26.419 26.354 26.372 26.439 26.442 26.446 26.451 26.393 26.325 26.266 26.337 26.39 26.407 26.431 26.433 26.511 26.494 26.641 26.473 26.667 26.524 26.641 26.588 26.585 26.687 26.656 26.657 26.564
24.83 25.012 25.065 25.147 25.055 25.094 25.054 25.155 25.484 25.389 25.584 25.514 25.582 25.736 25.667 25.906 26.023 25.773 25.629 25.985 26.11 26.076 25.972 25.794 25.647 25.903 26.066 26.227 26.293 26.219 26.212 26.265 26.26 26.276 26.179 26.285 26.309 26.309 26.319 26.325 26.277 26.336 26.346 26.303 26.32 26.275 26.258 26.289 26.322 26.41 26.354 26.306 26.274 26.459 26.412 26.292 26.24 26.282 26.349 26.331 26.319 26.432 26.644 26.666 26.485 26.51 26.434 26.56 26.485 26.482 26.444 26.3
24.667 24.821 24.801 25.005 25.118 25.092 25.081 25.177 25.276 25.27 25.408 25.332 25.283 25.45 25.682 25.917 26.004 25.896 25.793 25.856 26.021 25.854 26.009 25.885 25.658 25.831 25.997 25.96 26.139 26.158 26.257 26.222 26.231 26.249 26.238 26.274 26.254 26.204 26.143 26.17 26.104 26.222 26.226 26.226 26.13 26.167 26.173 26.166 26.212 26.255 26.26 26.236 26.252 26.389 26.374 26.185 26.227 26.153 26.181 26.273 26.377 26.18 26.226 26.332 26.275 26.293 26.317 26.312 26.252 26.401 26.226 26.182
24.598 24.817 24.779 24.891 24.848 24.918 24.856 25.126 25.267 25.181 25.233 25.224 25.104 25.251 25.49 25.666 25.843 25.854 25.728 25.747 25.887 25.794 25.939 25.863 25.751 25.646 25.751 25.921 26.061 26.004 25.989 26.183 26.168 26.189 26.198 26.145 26.257 26.215 26.162 26.137 26.102 26.082 26.113 26.1 26.044 26.068 26.134 26.13 26.096 26.142 26.235 26.234 26.201 26.328 26.372 26.3 26.132 26.016 26.19 26.202 26.115 26.133 26.038 26.076 26.097 26.228 26.197 26.217 26.178 26.246 26.191 26.174
24.368 24.403 24.55 24.536 24.704 24.909 24.992 25.034 25.144 24.975 24.879 24.895 24.862 25.238 25.493 25.633 25.739 25.711 25.554 25.622 25.728 25.785 25.796 25.795 25.657 25.558 25.731 25.872 25.904 25.901 25.999 26.078 26.092 26.114 26.125 26.126 26.194 26.218 26.225 26.228 26.187 26.149 26.171 26.006 26.032 26.08 26.091 26.045 26.054 26.116 26.09 26.209 26.278 26.258 26.213 26.295 26.281 26.275 26.177 26.146 25.986 26.041 25.886 25.927 26.038 26.005 26.036 26.316 26.004 26.143 26.082 26.066
24.322 24.249 24.446 24.563 24.531 24.572 24.752 24.948 24.918 24.935 24.865 24.829 25.022 25.255 25.471 25.573 25.593 25.568 25.45 25.344 25.543 25.618 25.576 25.597 25.598 25.496 25.586 25.698 25.68 25.739 25.975 26.024 26.046 26.019 26.052 26.061 26.117 26.149 26.158 26.162 26.084 26.157 26.089 26.01 26.024 26.099 26.012 26.085 25.989 26.003 26.085 26.012 26.13 26.191 26.254 26.228 26.224 26.3 26.11 25.862 25.794 25.783 25.757 25.874 25.907 26.125 26.144 26.157 25.942 25.92 25.965 26.187
24.09 24.286 24.375 24.454 24.429 24.58 24.747 24.794 24.754 24.8 24.791 24.92 25.154 25.32 25.372 25.394 25.353 25.296 25.434 25.339 25.273 25.357 25.376 25.376 25.441 25.341 25.347 25.49 25.599 25.745 25.866 25.918 25.819 25.774 25.932 26.021 25.91 26.08 26.09 26.109 26.103 26.08 26.091 26.053 26.054 26.087 26.005 26.146 25.951 26.037 26.057 25.975 26.031 26.161 26.208 26.163 26.158 26.182 26.26 26.21 26.076 25.96 25.686 25.683 25.81 25.844 25.805 25.881 25.972 25.645 25.464 26.04
24.207 24.219 24.239 24.178 24.39 24.577 24.671 24.731 24.678 24.686 24.733 24.865 25.169 25.201 25.253 25.269 25.286 25.305 25.324 25.308 25.208 25.057 24.894 25.053 25.186 25.356 25.442 25.523 25.543 25.772 25.815 25.837 25.633 25.515 25.647 25.76 25.784 26.011 26.023 26.043 26.051 26.068 26.074 26.078 26.091 26.093 26.103 26.101 26.059 26.104 26.111 26.072 26.06 26.115 26.078 26.121 26.153 26.206 26.144 26.015 25.6 25.564 25.602 25.671 25.619 25.709 25.608 25.783 25.801 25.664 25.804 26.36
24.005 24.107 24.166 24.237 24.42 24.569 24.543 24.584 24.586 24.598 24.663 24.68 24.803 24.863 24.887 25.176 25.232 25.284 25.181 25.203 25.179 25.062 25.062 25.2 25.341 25.347 25.478 25.496 25.461 25.446 25.731 25.746 25.755 25.737 25.708 25.693 25.719 25.883 25.935 25.944 25.98 26.005 26.012 26.017 26.031 26.033 26.034 26.043 26.041 26.037 25.876 25.97 26.001 25.92 25.899 25.978 26.05 26.149 26.186 26.11 26.162 25.802 25.663 25.616 25.732 25.533 25.541 25.531 25.567 25.796 26.277 26.275
24.004 23.963 24.047 24.138 24.338 24.395 24.494 24.538 24.573 24.531 24.6 24.55 24.58 24.676 24.967 24.993 25.137 25.083 25.075 25.107 25.091 25.064 25.108 25.267 25.394 25.419 25.351 25.372 25.53 25.47 25.702 25.657 25.598 25.598 25.541 25.619 25.569 25.664 25.74 25.87 25.921 25.785 25.949 25.955 25.96 25.974 25.975 25.975 25.984 25.981 25.918 25.748 25.783 25.774 25.816 25.863 25.892 25.904 26.072 26.043 26.102 26.085 26.078 26.063 25.802 25.508 25.573 25.529 25.432 25.998 26.206 26.233
23.68 23.748 23.896 24.058 24.239 24.255 24.338 24.335 24.29 24.274 24.395 24.454 24.478 24.433 24.763 24.999 24.98 24.795 24.92 24.915 24.898 24.907 25.018 25.247 25.315 25.426 25.403 25.368 25.512 25.587 25.611 25.646 25.612 25.592 25.667 25.731 25.699 25.548 25.523 25.726 25.856 25.831 25.724 25.894 25.9 25.914 25.917 25.905 25.917 25.843 25.921 25.798 25.752 25.691 25.753 25.696 25.83 25.999 26.063 25.996 25.98 26.027 26.011 25.996 25.993 25.587 25.901 25.553 26.007 26.125 25.995 25.989
23.781 23.815 23.891 23.888 23.961 24.08 24.186 24.231 24.375 24.381 24.295 24.172 24.283 24.325 24.621 24.784 24.897 24.8 24.791 24.9 24.765 24.783 24.867 25.153 25.287 25.243 25.309 25.419 25.465 25.5 25.533 25.574 25.603 25.592 25.666 25.69 25.517 25.469 25.311 25.536 25.81 25.813 25.824 25.833 25.84 25.855 25.859 25.874 25.861 25.859 25.791 25.622 25.812 25.84 25.778 25.767 25.827 25.938 26.003 25.923 25.973 25.958 25.954 25.939 25.926 25.802 25.768 25.741 25.712 25.889 25.785 25.896
23.724 23.765 23.915 23.912 23.95 24.044 24.099 24.11 24.13 24.223 24.338 24.278 24.206 24.118 24.469 24.745 24.759 24.699 24.673 24.741 24.766 24.669 24.926 25.081 25.153 25.134 25.296 25.337 25.376 25.339 25.458 25.466 25.533 25.472 25.59 25.616 25.54 25.587 25.327 25.482 25.736 25.75 25.762 25.772 25.78 25.787 25.801 25.804 25.805 25.804 25.801 25.588 25.817 25.698 25.827 25.856 25.916 25.891 25.773 25.929 25.915 25.9 25.886 25.872 25.807 25.676 25.635 25.814 25.761 25.77 25.627 25.424
23.443 23.536 23.571 23.658 23.618 23.96 24.044 24.221 24.245 24.348 24.391 24.466 24.325 24.212 24.294 24.388 24.4 24.157 24.457 24.482 24.427 24.691 24.949 25.019 25.084 25.157 25.202 25.256 25.297 25.194 25.309 25.245 25.35 25.401 25.395 25.352 25.397 25.518 25.24 25.328 25.671 25.687 25.7 25.62 25.721 25.728 25.744 25.747 25.749 25.749 25.747 25.743 25.649 25.681 25.647 25.807 25.75 25.732 25.726 25.804 25.793 25.714 25.818 25.804 25.791 25.595 25.694 25.441 25.702 25.593 25.39 25.556
23.481 23.453 23.349 23.366 23.683 23.911 23.922 23.947 24.019 24.234 24.246 24.355 24.392 24.245 24.1 24.092 24.208 23.875 24.064 24.112 24.376 24.619 24.799 24.716 24.935 25 24.892 25.164 25.076 25.001 25.209 25.163 25.287 25.34 25.495 25.479 25.517 25.439 25.495 25.51 25.399 25.624 25.639 25.573 25.6 25.68 25.687 25.691 25.53 25.684 25.682 25.679 25.674 25.433 25.523 25.615 25.696 25.593 25.594 25.773 25.649 25.609 25.749 25.735 25.67 25.605 25.645 25.483 25.674 25.552 25.469 25.324
23.315 23.396 23.477 23.479 23.637 23.696 23.79 23.923 24.031 24.05 24.179 24.268 24.346 24.306 24.13 24.123 24.135 24.239 24.448 24.363 24.396 24.479 24.526 24.658 24.808 24.672 24.874 25.083 25.058 25.112 24.986 25.156 25.194 25.247 25.268 25.378 25.394 25.311 25.265 25.272 25.429 25.383 25.392 25.465 25.476 25.623 25.63 25.635 25.628 25.629 25.629 25.626 25.622 25.456 25.389 25.42 25.53 25.474 25.569 25.784 25.648 25.65 25.624 25.666 25.587 25.571 25.493 25.468 25.641 25.545 25.508 25.513
23.168 23.24 23.29 23.511 23.637 23.77 23.808 23.859 23.782 23.861 23.963 24.084 23.996 24.117 24.08 24.347 24.424 24.465 24.509 24.5 24.461 24.63 24.624 24.49 24.72 24.709 24.641 24.873 24.979 25.032 24.906 24.792 25.047 25.235 25.219 25.354 25.36 25.266 24.993 25.272 25.255 25.334 25.279 25.464 25.555 25.565 25.469 25.579 25.583 25.575 25.575 25.573 25.559 25.488 25.419 25.299 25.43 25.419 25.502 25.619 25.701 25.573 25.54 25.53 25.52 25.558 25.529 25.53 25.501 25.469 25.49 25.549
23.064 22.999 23.207 23.314 23.466 23.59 23.698 23.765 23.765 23.874 23.976 23.941 23.864 23.684 23.943 24.204 24.507 24.524 24.589 24.447 24.23 24.683 24.647 24.516 24.632 24.274 24.5 24.585 24.668 24.827 24.728 24.851 24.939 25.078 25.278 25.282 25.254 25.169 25.197 25.1 25.019 25.08 25.307 25.389 25.357 25.508 25.517 25.524 25.529 25.43 25.522 25.52 25.506 25.508 25.426 25.316 25.417 25.41 25.447 25.574 25.6 25.557 25.508 25.36 25.5 25.489 25.466 25.443 25.502 25.479 25.48 25.503
23.096 23.037 23.014 23.274 23.407 23.477 23.508 23.553 23.477 23.612 23.9 23.731 23.732 23.722 24.011 24.094 24.263 24.375 24.495 24.522 24.539 24.615 24.639 24.626 24.415 24.447 24.216 24.627 24.434 24.615 24.739 24.578 24.676 24.998 25.149 25.142 25.12 24.922 25.129 24.725 24.881 24.822 24.973 24.977 25.215 25.299 25.472 25.469 25.475 25.468 25.468 25.457 25.454 25.406 25.308 25.316 25.284 25.4 25.391 25.388 25.528 25.446 25.422 25.404 25.257 25.405 25.245 25.307 25.322 25.319 25.429 25.406
22.96 22.787 22.887 23.026 23.068 23.385 23.494 23.526 23.374 23.349 23.366 23.795 23.95 23.955 24.11 24.159 24.173 24.267 24.248 24.353 24.295 24.218 24.444 24.304 24.534 24.704 24.754 24.689 24.628 24.663 24.452 24.56 24.679 24.965 25.047 25.088 24.993 24.989 24.477 24.769 24.304 24.784 24.436 24.54 24.879 25.034 25.084 25.092 25.336 25.424 25.415 25.414 25.401 25.386 25.207 25.293 25.045 25.207 25.237 25.234 25.419 25.469 25.341 25.349 25.322 25.135 25.082 25.266 25.171 25.096 24.988 25.124
22.904 22.703 22.847 22.948 23.011 23.282 23.39 23.442 23.474 23.319 23.283 23.527 23.523 23.841 24.01 24.182 24.23 24.271 24.109 24.312 24.153 23.873 23.975 23.658 24.285 24.448 24.484 24.609 24.674 24.669 24.587 24.679 24.859 24.9 24.884 24.907 25.012 24.493 24.973 24.874 24.797 24.483 24.658 24.697 24.423 24.401 24.862 25.038 25.188 25.371 25.362 25.362 25.349 25.334 25.317 25.26 25.116 25.033 25.069 25.163 25.318 25.365 25.37 25.319 25.31 25.178 25.154 25.003 25.131 24.965 24.86 25.102
23.024 22.984 23.037 22.921 23.002 23.295 23.352 23.417 23.45 23.547 23.397 23.201 23.437 23.715 23.783 24.02 24.107 24.216 24.137 24.118 24.153 24.19 24.121 24.085 24.026 23.988 23.974 24.189 24.464 24.387 24.509 24.417 24.73 24.754 24.776 24.945 25 25.026 25.063 24.965 24.668 24.43 24.484 24.729 24.635 24.6 24.962 25.229 25.278 25.263 25.32 25.309 25.296 25.281 25.264 25.135 25.066 25.116 24.998 25.092 25.214 25.328 25.292 25.257 25.231 25.105 24.992 24.9 24.865 24.89 24.844 25.03
23.043 23.079 23.013 22.874 23.051 23.242 23.318 23.402 23.422 23.418 23.261 23.216 23.386 23.639 23.723 23.825 23.971 24.069 24.074 24.243 24.286 24.339 24.317 24.244 24.351 23.799 23.209 23.325 24.107 23.911 24.284 24.283 24.37 24.534 24.802 24.895 24.914 24.981 25.026 24.979 24.841 24.652 24.006 24.298 24.463 25.029 24.957 25.206 25.183 25.275 25.267 25.256 25.243 25.228 25.237 25.137 25.038 25.09 25.096 25.13 25.212 25.26 25.224 25.187 25.141 25.001 24.913 24.852 24.789 24.785 24.716 24.956
23.038 22.926 23.05 23.066 23.176 23.163 23.233 23.31 23.388 23.358 23.218 23.432 23.558 23.652 23.744 23.814 23.837 23.831 24.05 24.124 24.202 24.282 24.263 24.333 24.354 24.254 24.13 24.033 23.805 23.895 23.875 23.599 23.92 24.402 24.676 24.837 24.89 24.927 24.934 24.958 24.874 24.548 24.172 24.309 24.245 24.976 24.92 25.117 25.238 25.232 25.224 25.213 25.2 25.175 25.066 24.978 25.022 25.009 25.014 24.952 25.143 25.109 25.136 25.105 24.98 24.897 24.796 24.725 24.645 24.507 24.582 24.789
23.042 23.126 23.069 23.02 23.018 23.179 23.147 23.205 23.273 23.339 23.374 23.398 23.457 23.572 23.63 23.704 23.783 23.894 23.81 23.941 24.055 24.186 24.298 24.386 24.31 24.304 24.28 23.627 23.266 23.411 23.077 23.294 24.101 24.27 24.325 24.691 24.838 24.883 24.925 24.905 24.822 24.593 24.508 24.303 24.569 24.748 25.1 25.198 25.195 25.19 25.182 25.171 25.147 25.131 25.012 24.897 24.865 24.871 24.973 25.014 25.054 24.934 25.07 25.021 24.881 24.739 24.669 24.528 24.244 24.384 24.314 24.543
22.934 23.018 23.017 22.878 22.914 23.033 23.122 23.186 23.244 23.234 23.314 23.373 23.429 23.468 23.492 23.584 23.645 23.767 23.835 23.881 23.899 23.956 24.04 24.257 24.331 24.26 24.268 24.242 23.648 23.848 23.978 23.321 23.821 24.112 24.11 24.506 24.669 24.834 24.767 24.715 24.461 24.191 24.492 24.294 24.389 25.083 25.165 25.166 25.163 25.118 25.119 25.128 25.104 25.077 24.935 24.806 24.754 24.748 24.895 24.948 24.983 24.771 24.986 24.945 24.797 24.633 24.493 24.363 24.182 23.964 23.824 24.077
22.826 22.898 22.979 23.031 22.989 23.05 23.042 23.1 23.164 23.22 23.23 23.293 23.369 23.437 23.414 23.478 23.553 23.585 23.715 23.819 23.864 23.875 23.991 24.069 24.149 24.161 24.294 24.143 24.224 24.269 24.162 23.855 23.157 23.749 24.166 23.493 24.319 24.302 24.434 24.413 24.49 24.623 24.497 24.758 24.786 25.017 24.93 25.133 25.121 24.787 25.115 25.084 25.06 25.033 24.912 24.626 24.612 24.717 24.731 24.838 24.872 24.846 24.799 24.776 24.749 24.567 24.33 24.201 23.961 23.703 23.313 23.843
22.718 22.789 22.859 22.931 23.003 22.978 22.946 22.99 23.074 23.12 23.201 23.189 23.203 23.256 23.3 23.356 23.446 23.424 23.528 23.643 23.748 23.733 23.861 23.948 24.028 24.12 24.098 24.02 24.277 24.331 24.335 23.632 23.338 23.799 23.582 23.844 24.073 24.227 24.248 24.125 24.553 24.602 24.549 24.343 24.806 24.49 25.101 25.046 24.688 24.427 24.873 25.04 24.937 24.955 24.827 24.743 24.737 24.583 24.606 24.646 24.762 24.708 24.699 24.637 24.611 24.463 24.337 24.15 24.048 23.861 23.253 23.742
22.515 22.68 22.751 22.821 22.893 22.965 22.943 22.942 22.967 23.004 23.09 23.14 23.156 23.203 23.284 23.274 23.321 23.285 23.349 23.457 23.555 23.573 23.644 23.816 23.909 23.978 24.175 24.262 24.325 24.402 24.497 24.408 23.289 23.939 23.995 23.974 23.912 23.976 24.066 24.158 24.131 23.619 24.319 24.893 25.044 25.065 24.991 24.566 24.622 24.625 24.875 24.494 24.623 24.811 24.741 24.659 24.617 24.562 24.518 24.654 24.606 24.549 24.421 24.496 24.487 24.404 24.259 24.128 23.997 23.453 23.473 23.193
22.494 22.573 22.642 22.712 22.783 22.854 22.927 22.87 22.889 22.909 22.988 23.054 23.112 23.147 23.194 23.144 23.207 23.11 23.282 23.375 23.46 23.558 23.525 23.636 23.812 23.906 24.049 24.184 24.286 24.374 24.43 24.188 24 23.719 23.907 23.862 23.718 23.868 23.71 24.051 24.093 24.558 24.696 24.611 24.176 24.771 25.012 25.011 24.635 24.499 24.518 24.462 24.515 24.453 24.53 24.473 24.548 24.498 24.325 24.498 24.357 24.421 24.426 24.438 24.393 24.346 24.237 24.106 23.926 23.47 23.532 22.97
